0.03356946097172239
0.041625288180634025
-0.02465295641600798
0.017518295537258127
-0.01284523220149352
-0.002380258236058099
-0.005507344099757209
0.01433861556035621
0.02549555357797505
-0.017853109473141462
-0.0040331869585930324
0.0025925144852723004
0.016480099011687153
-0.0673256799851096
0.0009516624015463944
0.0032718966162166843
-0.006505779279722655
0.03422313124191845
-0.0044130116140865825
0.12703302153967835
0.006045818105742946
0.009844354950314198
0.04010473857033181
-5.9792805869727794e-05
0.0013109217167826277
0.0012233540942697466
0.017113632167425237
0.003518403084038293
-0.0229448082143086
0.0016258337573047724
-0.021168348105292667
0.010814430548174417
0.021497621793124484
-0.007450196978348414
-0.001558326128190204
0.015323363903768407
0.015211343534556436
0.00397486954386757
0.001437137831930461
0.009939222755655206
-0.009076139474593098
0.012571799888141414
-0.0353194186828127
-0.0004918550163083755
0.005327182769256156
0.04280284419150527
0.014076097232135553
-0.013801421464905275
0.08985623438083981
-0.012112327316181679
-0.015591087007603376
0.003391972798368392
0.00307058466399126
-0.003006612718807409
0.017055859835512853
-0.01232290298767355
-0.0023415912579327716
0.011418042438677693
-0.004581369044003469
-0.01488553236424909
0.01670456753990016
-0.016939822869538743
-0.014429614459060536
0.0015470209122556752
