-0.03336276411557193,0.29117443591801345,0.020642181566094615,-0.19850207877821877,0.37330239250450653,0.033241478475638506,-0.28358995078343535,-0.001791380351757973,0.1767899415030753,0.041533847467878464,-0.24227361238100795,0.2900295570397693,-0.3777089523096944,0.14908545568557097,-0.026727256041846805
0.3021127870714048,0.24472758256565005,-0.44709029663623684,-0.40688186570856205,0.0034177609845427092,0.11090197488979661,-0.06227390392872459,-0.06511924605674665,-0.8530426318962572,0.2321706740078013,0.2951465977374063,-0.29666471608388106,0.7214450624011414,-0.3750280130458844,0.304335148383847
0.0006087608425603456,0.21074019283819975,-0.44059050540480027,-0.12546183321039517,0.2629091519859351,-0.36662244333568345,-0.4094278130578711,0.21327231995056514,0.2464250753999663,0.8121262389892966,0.5592801414841968,-0.08930195722789673,-0.398278171666336,0.07055753511456994,-0.6684069370116337
0.8170383235122355,-0.6167649828304625,0.6210706984591642,0.26077613224601376,-0.06583498670517798,0.14774602758098254,0.006390006238018312,0.1280813075950786,0.2752193728855986,-0.18090588779348835,0.057375343752349296,0.36919750266344215,-0.0002721057579498963,0.0918662251889941,0.4874377045181542
0.24172563412137144,0.17355096498108744,-0.586873287849271,0.22696269537923316,0.15841648195459923,0.08531791030129324,-0.687356879176877,-0.04785825288304074,-0.31677068810464726,0.643736558694371,-0.3964324424219612,0.41779704641476717,0.6916697360345989,0.09512880679477757,-0.45922130515760523
0.8762053080578602,0.1712795696915244,0.6250584635537428,0.136136285271949,0.011938243743276618,-0.01825495752855557,0.05051905295881948,-0.10241502707171596,-0.03680303735047724,0.28518309458358104,0.2875299865861945,-0.13960985905249765,-0.10654115332964731,0.5516114573246819,0.25569560315957607
-0.20819365662370778,-0.10584740412399414,-0.19859231062174826,0.20681413043871674,1.2033503804905643,-0.2808078141339577,0.05001527563905449,-0.3663523676246454,-0.0841712600858913,-0.4336074840647759,-0.664925152198647,0.12139188627360445,-0.19268770967286808,-0.4770329374846645,-0.08925974322020677
-0.1244672845912002,-0.6012112964026983,-0.08235478124391145,0.540867459331742,-0.4370291366160036,-0.27971643997187196,-0.2369652763643542,0.0014360381551152502,-0.30851103328222673,0.41174288155896,-0.49268892406736803,-0.3691483010482223,0.10211745844112095,-0.1745415371419769,0.40791676053300124
0.13197016947917808,-0.37123845897005314,-0.17187962947980093,-0.26512363688142154,0.4045566872010348,-0.20270329755141067,0.13036623040720968,-0.27158023371910156,0.3365929103242867,-0.40026349289320917,0.1447611900813936,0.6321935796396045,0.11655246840252678,0.7428772813849798,1.386772000066376
-0.5842399883032917,-0.5777826008957745,-0.10423461047443114,-0.3986623840913133,-0.2378304980591713,0.603963665397299,-0.2596374163099839,0.5105591619277144,-0.5181149212013241,-0.044232960731397764,0.2956666969425392,-0.23590411410778103,0.43688319139251564,0.054525062073834486,0.3401163419121745
0.5427931800234357,0.5600027059842098,0.7462657843883945,-0.053519350149060695,-0.8026383499533787,0.1013479672458861,0.18766214183309077,-0.020391163838809463,0.17827893636941877,-1.148972338433829,0.05011457033582131,0.13970011271250965,0.1810325452885441,0.07466663587354944,0.2073362765449215
-0.048120522693684394,-0.4388132678189704,-0.0775507231550631,0.5218124003903615,-0.48356554016756875,0.2165001179218374,-0.0025871145657582143,0.23196592784506678,0.49570027763158997,0.15249200102373878,-0.1726832140366777,-1.2901356765186607,0.27548015180991653,-0.438260625292841,-0.5110953902897094
-0.27339541878401724,-0.2283255098470373,-0.2449604689977257,-0.3155182123560869,0.11088646642115813,-0.7432536195656321,0.20247512656927186,-1.104917011913843,-0.5957570691614604,-0.5949306513589447,-0.014950799464210534,-0.06677147309749559,0.1782443930649968,-0.27815379402465135,0.4932680502959247
0.39477584533290816,0.09381161515052021,0.09965840471731692,-0.10780092454307279,0.29023025894762605,-0.11728599208023535,0.15668609546529783,-0.16860233547605796,0.44182048008114305,0.23092359890375883,-0.8280870141889765,0.2643053373901013,0.12544915069076437,-0.03853062454680142,0.2938265610516208
-0.1824743788192311,-0.3562823517482755,0.3771183612585074,0.45312531185297533,-0.258775463826679,0.41931891103773966,0.014706224296873143,0.5950435735126015,0.0229286009957853,-0.09136387437500997,-0.07075972588529733,0.04419791384849584,0.9542467548494933,-0.16667701185236777,-0.6552575028901133
0.3869513031727972,-0.4349246620629211,0.2435945350618984,0.43937223022423183,-0.8898417623653222,-0.18406480741563488,0.48018949061297406,-0.3417838881351389,-0.24006319244145655,-0.6706354268317072,0.0925891865822848,-0.5485836356650959,-0.20087634913525,-0.013880615677204937,0.04072025005141801
0.8320363078904359,-0.15703585570556566,0.6888826044706771,-0.4667967462402745,-0.06658515187576229,-0.7404678793788513,-0.18517384045877555,0.15054303595312724,-0.5540198314652122,0.5383717943600974,0.3507712713721003,-1.0193334747192049,-0.11475720553842486,0.1083763509963583,0.013538184878979582
0.3735909591782953,-0.3607927248406239,-0.6071108628574985,-0.15765230716547896,-0.7525797244331565,0.06097311542246674,-0.14202912524607125,0.08360663770745362,-0.20819245202350445,0.21313917606365365,-0.0648574522911926,-0.11086983265293741,-0.7764791540618409,-0.06063180732120171,0.4307181655776866
0.11080848830797595,0.6799995914813828,0.03002180729324855,0.12114542758986359,0.28411679986919935,0.5068790066738569,0.34047724872322077,-0.378896803890298,-0.3486926832723417,0.19294199694413416,-0.29907558643228743,-0.28265886425013775,-0.4496273104731834,-0.12156433462946266,0.23368283078983937
-0.32918827515403254,-0.3821489539611145,-0.48819722817675176,0.11601398237181755,-0.6239082983403891,-0.05048284193659717,0.34248290732700154,-0.3384485615815764,0.4961669399853631,0.22926137847380648,-0.35986020401616264,-0.1239379644684425,0.7329950600104048,0.18462739290242453,0.039189343856275316
0.27109070873066043,0.04016573353680767,-0.1861196203023156,-0.6566443714077841,0.6819613188574231,0.19637212120231487,-1.019515350921132,0.4427605242669836,0.32587935221916964,-0.04388074156037165,-0.34601551152132715,0.5032124953337119,-0.06211121365278683,-0.25643297301690365,0.6173413402003289
-0.511993752409206,-0.3851808586246592,0.11554828576053451,0.5141088648006311,-0.26181340026389277,-0.1809261382061385,-0.23876021772595793,-0.17675394568590153,-0.1355885551015915,0.22738869409937013,-0.1436456743557973,0.752660169162517,0.2279710635959158,-0.16838123796401794,-0.40474471491583186
-0.21723888549311807,0.07419376701342281,-0.19509718181992972,-0.23571699539357807,0.04778905058920445,0.10269381529773816,-0.6010583070916496,0.5733258890919383,0.2668741151064897,-0.30587401698339883,-0.3075705643416688,0.12094401073161384,-0.07964007740986556,-0.4331572489676622,0.04273907409188785
0.07581976186009702,-0.4120505657279472,0.9189686290803404,0.24475523915490813,0.3948372330979406,-0.05605745588553955,0.12310971605842169,0.19323978828408855,-0.13863582086214096,-0.18324657300066408,-0.0858096552134072,-0.24952635577272717,0.45647051469961686,-0.48924798542212294,0.255232870208608
-0.3444554924677608,-0.21879324762859909,0.7819925638688842,-0.13489662004511427,0.40700771280846015,0.5480558981467833,-0.048620840946672385,0.03409177318799266,-0.13424105418466156,-0.23114960210347846,0.41447970986694627,-0.18337113304189534,0.18637584016569236,0.4434017578103351,0.16495192174314957
0.30522470483860575,-0.054759604985073054,-0.47446173818092324,0.22821308741640112,-0.005759309345731163,0.5441183656607048,-0.03990504145407858,-0.47843687707445404,-0.5715800207127216,0.5438741820386815,0.12437799586325556,-0.4906865966067912,0.2363062143030149,0.1808789943631406,-0.3989795191293937
0.21604985334125046,-0.1722712043512469,-0.40033216066551025,-0.45743333839595224,0.5033167111726186,0.10947475152274858,0.03581872829824552,-0.09829438100157913,0.572832942478221,-0.20944411189621054,0.34059667182637876,1.2064305719525408,0.27871593045997306,-0.6144505547325974,0.6637108351847407
-0.3822426168675301,-0.29720261575313994,-0.034546628465205086,-0.3230667341493095,0.4509569940314024,-0.31179247611359273,-0.07104607652681584,-0.28859484309945244,-0.11586597866959378,-0.4972212846041965,-0.5792308581027534,-0.013297638644533575,0.5361135223207666,0.16671302701162444,0.0057487749848717275
0.2893693927549362,-0.10995404560345184,-0.1391945944593181,-0.5165293357188402,-0.08225756614833976,-0.1505672040749654,0.19267152363033085,-0.033807406928371066,0.08967221051184777,0.021997032671594505,0.24617872749384914,-0.16154792013110827,-0.05256244770862252,-0.12292302049017408,0.06970861779119819
-0.39672085652717265,0.18499329337404527,-0.0927792879923571,0.19395999102828454,-0.31140425866081195,0.7329346733864505,-0.0697620340908383,0.09204552025829711,0.7235641105525179,0.12886607993768212,-0.05863618343010201,0.24854922937723511,-0.5147280302837376,-0.09148707671649689,0.13902936383754347
0.8031654781889527,0.4006415738066417,0.748635907787226,0.21676349280226784,0.12442373305591235,-0.3612241046280339,0.9699969142283138,-0.46788957869280484,-0.3462877850450798,-0.5331471054849274,-0.3439256558446281,-0.20526018095672308,0.209332985892695,-0.09618746127427351,0.6170524446257084
0.18751478581533726,-0.5787668164610783,0.10136919567601044,-0.11316818323630237,0.00885508512925453,-0.17539675144262107,0.20435467136055446,-0.14057233461608268,0.3192868584667393,-0.21528921984568503,-0.5737479481965604,0.34050768832612377,-0.09442161246175214,0.11438033149137282,-0.03264186375749291
