-0.010149898694899592
0.02342316619863
-0.005719453403379776
-0.07112405281701412
-0.020096880557074967
0.018031883100884005
0.22402903706672617
0.01347969777446432
0.010329853709922905
0.018807680497006735
0.0273693604103999
0.018217735410343456
0.028487241920913117
0.014229324736246319
-0.001518761344269317
0.05484376701077232
0.027790925998551496
0.17652114855847098
0.0035319368281998787
0.04736582309777434
-0.026393494812832412
0.016279297723978944
0.012156801643982147
0.10335927640377642
-0.014881572443467403
0.04486222379564654
-0.031029625638045923
0.0022497734178956647
-0.015595453188252404
0.01308729929484752
-0.0025077240901612437
0.01267315877978043
