0.020471105786815547
0.06767795690369018
0.007922395731353825
0.03020843427879209
0.0016624859515673458
-0.023600310477835822
-0.010832530012738427
0.0013100478014475162
-0.03161308898088307
-0.01915564381685746
-0.04888171646515791
0.04699965411111197
0.05119875203883907
0.011409220217171535
0.007915125844998034
-0.024210820770488056
0.0009935992146295157
-0.008429362087698596
-0.013689579184525036
-0.025570321794061372
-0.0018061951429503632
-0.01982856886058037
-0.00547807672824241
-0.001820643003716374
0.01475325768937522
-0.03330292883851163
0.054075204745642896
-0.00846588260600788
-0.03163010802825949
0.031089597388549276
-0.023128461875371282
-0.0049002019343103
-0.006374728703721723
0.05798266921095781
0.05254263129054187
-0.01662947013982715
-0.023608032396543115
0.08045628328987606
-0.014704287178728865
-0.017544608156147348
0.0939392074298903
-0.054582929594386126
0.00446117287269354
0.03457820910335206
0.025203447927211818
0.002401790557587352
0.019681109787672287
-0.02965111227366923
-0.02407430647219305
-0.04709185689040461
0.0054212660249527
0.04331643114248577
0.06596326517269728
0.009809909507990999
0.04257552536387644
-0.0233347257085437
0.0015113147969918594
0.003966466968899605
0.0235780243062623
0.05881712854050657
0.08246650153694285
0.016605768875869512
-0.03614967106630509
0.04261900441630968
