-0.23983362062438776,-0.00816108711310117,0.76404427236757,-0.4402452893362001,-0.3878616129858184,0.47041157964702934,-0.22249312702047042,0.3863334979865947,0.03257651386401751,-0.8844575973140877,-0.10264528110694349,0.03615146915895019,0.18720182115121134,-0.27096199152471145,-0.4345981402320472,-0.4297312472602714
0.6522832366476332,-0.26093342083020005,-0.36874499091847307,-0.057095136293323856,0.6645370291696475,-0.18882315214125192,-0.009019774183766737,-0.14580251987135526,-0.03519615186172597,0.05876105376459526,-0.05917359382127965,0.16178880200737625,0.5910020364255434,0.5031795624178073,-0.3861747741808513,0.0035134804366793275
-0.05387160114386018,0.1382932231718211,-0.2555688979979375,0.4250505711866755,0.3793927569685513,-0.05362409280964692,0.17579806603968476,0.4206411461157956,0.10763500259893166,0.15331098169989976,-0.10615522783670606,0.8832428919153482,0.6756294637039543,0.29829976096597993,-0.5635030973689945,-0.0747565552057104
0.3827600321533375,0.3309810285557942,0.20524913728980831,0.3522291898430203,-0.22360368310221332,-0.4310338132594409,0.20695925713720525,0.4468135375671659,-0.21945419774561234,-0.035509295534024266,0.1576556240638345,-0.3891139926401539,0.3985545790820924,0.018771785876280138,0.01753009303714676,0.3751426708220986
-0.37149633354601197,0.1873920471451609,-0.1428695336330082,-0.40539537777029694,0.11628315996465005,0.037681156192989784,-0.33886074356534873,0.07501597921645647,0.08776485497909342,0.04064593179833863,-0.4673492526726256,-0.05270917916752354,-0.09230742819044413,0.020507546347077493,0.3085227211482872,-0.43537126738303383
0.5505728908672206,-0.085805696297553,0.17942548457320823,0.27692309200594456,0.22089861220006698,-0.0983315334531526,0.5040375850150871,-0.20930225321745205,-0.28859470330794784,-0.12306716842579804,0.9894093280367793,-0.7575921037151925,0.13933265248315319,0.1374688598019884,-0.3776207633261978,0.34759236484638006
-0.25418225531196237,-0.4338613746501892,0.3591125195085032,0.1512293943842232,0.049252994876580254,-0.05834471978704448,-0.2984801292543313,0.13207319588073352,0.8366536313300709,0.6505571990894073,-0.4179210604365948,-0.041430218100501265,-0.2939835211882655,-0.10301926305084232,0.003773147133103936,-0.9632129538864707
-0.24606657031888943,-0.12565887143145085,0.6642021057744846,0.194809299932488,0.4496158472332457,-0.12889933669268575,0.43482721073433656,-0.28212225503760613,0.22763322532569247,0.3085349361662274,-0.061893581600179874,-0.5852748512999805,-0.602962168479493,0.05844024108040915,-0.46726354268383274,0.18692618405933847
-0.22616265976546351,0.25330776907908475,0.3479402831343771,-0.49136473905998684,0.5528065707036417,-0.5415790103508669,-0.2302496821951753,-0.03705146690390043,-0.0454934782348799,0.06460824885261117,-0.5922323150437891,-0.2100058618380128,-0.03801466189058229,0.46829877967030786,0.13800669581561328,0.4258860359796711
0.3525736320502969,0.3758588408818985,-0.40663472142554496,0.4260054021361745,0.3007955249512917,0.05733553438351065,-1.0276734945875738,0.049582678153648245,0.07450839897837674,-0.29276741920148,-0.09167551846753265,0.5130343268649901,0.3256244323508176,0.3381532432634572,0.18531389131778295,-0.5245587509118284
0.515055369546079,-0.47787004122771115,0.5481872150187508,-0.11630718170586803,-0.46272996332993793,0.26849420789047435,0.19831889334168915,0.4090563378015052,-0.5318900603659157,0.059715009186828615,0.5497330597996601,0.24006826297896902,0.14169367522108403,0.02718779904266282,-0.08051546045139472,-0.09099716250976005
1.018613247882177,-0.7448815695609926,-0.12995853246464223,-0.10343410094329909,0.42998822552714666,-0.6960357918731723,0.3224486834237503,-0.6678719975756161,-0.7860976410885662,0.1704162746173738,-0.4319518677183012,0.3990816527739192,-0.019353769896407174,0.24515892117733276,-0.1462513949545822,0.4278433984999249
0.561691399375792,0.3780819114339744,-0.28219907368408365,0.5454014136034501,-0.35661086114219387,0.541777664899303,-0.16641865059499517,0.1542710758344854,0.46776135528789364,-0.22064271161838753,0.08398436709727379,-0.14029799016328998,0.2930679485428771,-0.6145772581559465,-0.02559422418099425,0.10563337450054176
0.10038211500772494,0.81524241559827,-0.027551737878060388,-0.1627785728841063,0.044351541862786024,0.2414134121951174,0.28187882738793674,-0.12500599449908573,0.2688297995883462,0.03698904651956699,0.1372062470729507,-0.14424531939597843,-0.31496093050026625,0.1701198268469141,0.2760242590230172,-0.062469675059232184
-0.024041168646029433,0.06395583339521457,-0.23320894041149257,0.4518358564746718,-0.029103703513805056,0.49959787930546967,0.14899093825841436,0.25173940422244456,0.19730512772616032,-0.277036543925058,0.5212348514755274,-0.2059635429598746,-0.14629305974320828,-0.7020613554821997,-0.2641940876986068,0.25070483834472124
0.4150619947087837,-0.4517607758652373,-0.3997647306401712,0.4152136026974455,-0.20084961503656257,0.302341869366722,0.06487486482301938,0.17275721057323132,-0.14793130558719364,-0.6225029213543393,-0.2300413263750087,0.5568401481070081,-0.5344879727622005,0.09890867124004854,0.3780540460685079,-0.3912734179232865
0.0823435322664966,-0.2544702877864431,0.5343796191667183,0.6151964110488236,-0.040310899827159456,-0.16067686446633436,0.23635643917667762,0.22184000924287395,0.02079524003852089,-0.6120829378946389,0.09874882481405049,0.36184472124600325,0.7962573289627184,-0.4994383798383588,0.06754301745636065,-0.2008529006247671
-0.21745463874803833,-0.022971002610545667,-0.7919010532147808,0.3388581572178195,-0.23957238598279204,-0.09657838972748223,-0.4439741304452911,-0.10196671566100977,-0.39033640588749763,-0.0167008230888634,0.5701181075820303,0.4834014571430731,-0.6690774816208299,0.1534344400089719,0.7198536675168221,0.25242489973143123
-0.03275769203197565,0.8897879308488561,0.8029705410043956,0.8514038979531768,0.2781232395811978,-0.206859069394738,0.043441725771849654,-0.03909199399274223,-0.7633320009449,-0.3026476729834315,0.1321563318157427,-0.4852142678173875,0.3011156743948355,0.052146203104858575,-0.8067208696310576,-0.6726583785432607
0.08602490656267209,-0.12765814854076118,-0.328068457950278,0.30401776107144496,-0.46249895507775984,0.3992038268293297,-0.2176204097271202,-0.030500650535343406,-0.4548787391640258,0.34589315705359197,0.15762045507627048,-0.42719314713619433,0.43167726101892095,-0.287479840015259,-0.6846572200581454,-0.35301074836630164
-0.5176495004320375,0.39204228018986886,0.560895484387069,0.16411291025799732,-0.19427359308172584,0.20292543475524477,0.3460133352267206,0.11915068395503174,0.09727091057311991,0.39050802832178894,0.11303334171690398,-0.198003953038003,-0.07616302132295272,-0.28869780214021057,-0.2869240630887927,0.06006638883562214
-0.37812468561875906,0.023991480512817194,0.02494089750645456,-0.8871853438532074,-0.3682839153809016,-0.15831919890591312,0.09801929758730685,-0.45361376728702196,0.20022671417060664,-0.04125704713387648,-0.08412626288479794,-0.558917159386498,0.02326053496963099,-0.09768702894165569,0.12440939893989264,-0.2006231613921736
-0.2545978427962879,-0.3866739917718913,-0.250815518272587,0.162675249251145,0.12468574967394468,0.7528694017551983,0.25115320529543217,-0.887880760460108,-0.19952173044852708,0.20456046733894123,-0.5917096482945285,0.6218931113534621,-0.2987205519635878,-0.3916301736730075,0.19538618659122997,-0.04264418721135266
-0.5203841004918126,-0.10782429912977996,-0.24765607300401607,-0.036275274862070654,0.48163122310227596,-0.7531124363597643,-0.524837581920747,-0.361546732398093,-0.2924478542999346,0.2665203306901423,-0.3587025078482974,-0.25913576727424376,0.10874929037651287,-0.1292313568033071,0.021448976594002318,-0.111543403151553
0.31043151381106815,-0.42292194282819995,0.19693560933603083,-0.16560609396435724,0.12577674855728166,-0.2522124201196038,0.1377711918265435,-0.32495591419290537,0.43991600175181994,-0.28464418779438966,0.02580649729112282,0.8320538120586062,0.08336972486361638,-0.35466166409209743,0.09971486712376315,0.5641431023461234
0.8883667916872702,0.020227024877100538,0.3599964115901841,-0.6454516646974205,-0.44892689184258056,0.06713654928922337,-0.2754197392592758,-0.28197894566845044,0.054971276084616924,0.6444078032670181,0.16498542351939294,0.09823134026248154,0.8760154759821067,-0.14590395659174685,0.24811451498412954,-0.10918721147559936
-0.3593233750179897,-0.11722736812690282,0.2087149218537694,0.46744278559235414,-0.012375252890613898,-0.040370678721003805,0.298983002235103,-0.7966398825135853,0.4657683425393611,-0.005388150439584221,-0.5437955068474292,-0.7965002475038088,-0.25532880615635173,-0.4362436448314894,0.2351892431588408,0.43769942781202437
0.30471697006804105,0.12907160695919043,0.36731675103333455,0.3058304746854791,0.05421766584434246,0.06197101159735325,0.29487196713946584,-0.39769747179276865,-0.23375308138563983,0.4139455369334331,0.21646010887543934,-0.1254881975375954,-0.0027909511967667516,0.552907222165112,-0.4159826307371681,0.11660343638557026
0.3080948062257762,-0.28317557909817215,-0.5337697853263483,-0.9830881131998424,0.36029421033231623,0.30489136747876094,-0.6401310609656468,0.5615731848247335,0.21318342507380333,0.2276193453257265,-0.007255761600449286,0.1987218333366114,-0.016787715358847172,0.10151956300215359,0.09289660429717211,-0.03935105909998021
-0.2860656016649847,-0.21831484434548948,-0.2674392841785699,-0.6866711643966361,0.2853495725113552,-0.38176207438712595,0.11706184135879895,0.5479467066335664,0.9317077368709268,-0.1644131966763528,0.5205630508152411,0.4012468043512341,-0.14587686620101842,-0.4796414765539645,-0.8266690798073727,0.18703204737574677
0.3748726556757639,0.26641439573101305,-0.045021488970678925,0.12407556317741716,0.05793571315869194,-0.22366660323662665,0.4641507246952982,-0.21608545182439534,0.010584693394274518,0.2724042412413542,0.5014458753503508,0.36777053195307324,-0.12771074772067292,-0.6220404474174834,0.5304652590488107,-0.8357412795714364
0.32869542688868336,-0.15067797335025626,-0.08063505088397141,-0.20057111012651685,0.3934001580937818,-0.299904988813836,-0.45676654269323685,0.5798301323692292,0.20965915087272344,-0.15024001212453783,-0.045238304375823525,0.16436366470022987,-0.7243509139853316,-0.1610460252722026,-0.6459069553950795,0.10367886723783588
-0.0041846663250181765,0.03778442062725428,-0.2744951749136615,0.10690790775362656,-0.07077367473083543,0.2730903684894619,-0.1424127694159634,-0.6571923382219034,0.7541043790934712,0.02172900998253793,-0.20036699856149937,0.33619972573835794,-0.13604762993547825,0.02686136079374025,-0.1705195443716702,0.012994462701854156
-0.057471726114979214,0.4829998612518228,0.4436457476648551,-0.31222308031745916,-0.8259709215062877,0.49578560558994395,-0.3951969929996653,-1.1599872976262182,0.09221624868939339,-0.2450536189178689,-0.28581153539555554,-0.32915566056642487,-0.1647367803860471,0.431217119131708,-0.04927794832001242,-0.18906505328133483
-0.18208836669238215,-0.5059557734251544,-0.31009862578585257,0.1347179649073361,-0.41346709216562005,-0.675704418731572,0.2007241032711625,-0.25240872766439926,-0.08132020259277176,-0.2030657486728467,0.45017818771497137,0.113901934576244,0.03223360746894504,-0.30533051891284035,-0.23879756965892895,0.4517352702091889
0.0813019635446552,0.09219298348056887,0.02036528837981328,0.08778373524873437,-0.19175129534914373,-0.5293775290868568,-0.18797877218345793,0.0014308230284455828,-0.2114607539969841,-0.052154585633581496,0.2379423014633679,-0.2628429683315039,-0.5028950440930241,-0.36968529434408115,-0.6844386686115156,0.04606635829867952
0.143858711776188,-0.02308507771537564,0.007944806990931488,0.24290102042729445,-0.016934353126078574,-0.6423713343429541,-0.2165080853724845,0.12474864818677402,0.21423954736910852,0.20125597250547086,-0.16471177916091392,-0.3202110878908436,-0.19950428437098458,-0.37354240612586714,0.08005211086903966,0.12409078742274862
0.9627479002119294,0.07953415719232196,-0.19444385138841472,0.18925259890647447,-0.027350373885820012,0.10954140159317903,-0.13624934555506102,-0.4225021303280089,-0.060130627654790485,-0.3680881575370797,-0.2587680923486775,-0.5800041434319442,-0.5703645016261584,-0.2677015697215322,0.21852264234338978,0.2769267567559884
0.30139088284846455,1.1313441798019017,0.3271490292884669,-0.19029641487633958,-0.08917897702966777,1.2111038970306092,1.0475295676323138,0.3835665503107108,0.214981364857611,-0.9118430248299071,0.23529993821255424,-0.035411779665127124,0.23642260588814104,0.06167199284819483,-0.019414114536521213,0.04263957566157677
0.10728360189375556,-0.32452452427404027,0.19165286216343408,0.4509168239232348,-0.09080719421878154,-0.10890155020325762,-0.1477753769300458,0.13198718384084954,0.7216434550785539,0.0011629719461340858,-0.3029250760847179,-0.17059017707954266,-0.18999629182251504,-0.38943268642630663,-0.008184166795870236,0.30752549339708746
-0.3826868496917482,-0.12523069980567683,0.009420706300543914,0.2115907884301658,-0.1879473999634851,0.21064031719656487,-0.34569546375080906,-0.2607980507081391,0.06258998953869369,-0.348391106117011,0.3393138452215702,0.1320449775971714,-0.3501544984454028,0.28241682573534777,0.14853089268482042,0.5557165011294706
0.27211520934834044,-0.840074090939409,-0.7549378749753548,-0.24995005409219412,-0.12278463544563939,0.1171420075174015,-0.3074977095710786,0.007455503608775943,-0.07529466896310678,0.39948776316163054,0.21439448490555246,-0.4368931278957092,-1.099407784069545,-0.11867011827064149,-0.044122264297375265,-0.39008872856795596
-0.43143034509028927,0.057235002890338976,0.05547182833748811,-0.9735442404156378,1.1706201840512542,0.2724741469871462,0.06667108398401758,0.28022693324317827,0.14197156374560632,0.1137394196130445,0.06808633141572686,-0.10147701276631148,-0.07809876790735534,0.1599745887276978,0.20494092287308,-0.046917422662122656
0.45286365542469453,-0.01573522611661164,-0.7371576613693659,-0.4046087464162653,-0.052970901183004564,-0.1517606617042924,-0.03850554224605887,0.26161464712101123,-0.4658303172971181,0.2009628244103206,0.020666261574400508,0.05833206071737734,-0.5113592245316205,-0.14432267180361533,0.48407794921357455,0.16049355395843834
0.08302203516383054,0.010627135573722097,0.09134498557024598,-0.49229254709938713,0.1838210458397362,0.9573184307438629,0.234836785753909,-0.02594457994982677,0.18510797922172584,0.10853058468260626,0.4177889815989741,0.19932538767886326,0.07659530494194713,0.1167650099130777,-0.27939248133644445,-0.20555777163547895
0.05196343278532699,0.8338083816025247,0.4314837557024557,0.8169622860176491,-0.627470840128148,0.025704691303361962,-0.20728928205882116,0.02454386936760124,0.6186848846650435,0.09282647908880524,0.421869950533365,0.5642726506333231,-0.018769824080530583,-0.37677573854412516,0.36530373592411064,0.09642046070180496
-0.3550106884995865,-0.3284904745527413,-0.02593285404781167,0.3974237716512631,0.28152454763801926,0.014388886149686602,-0.0781359164671443,0.058316517831405,0.1489004947224013,0.04258987423457149,-0.1781536952456027,0.3659945555327522,-0.035550678140812426,-0.5182851860888014,-0.9876525935507844,0.2369827713112367
-0.15872838167656803,0.41970472281353793,-0.06802614504305747,-0.1517945263429102,0.45649784312029446,-0.658180679588464,-0.12712172578582706,0.26359094234304437,0.6156045741387668,-0.0594208785224077,0.5893809101369349,-0.11732469058280351,-0.04591016239490355,-0.5472798081624629,0.808837532157569,-0.09939891895936193
-0.6272155190689858,0.5058203675501071,-0.9019377952539137,-0.30640871609240766,0.11790117663789432,-0.710957935512177,-0.8010606193696097,0.5913920459151867,-0.0697541763498102,0.07310805444103147,-0.17766308365253292,-0.02019622014615417,0.39772058977421837,-0.07600514249887837,-0.05993328882385646,-0.3721040120826531
0.24102703213965035,0.0708112865181964,0.4943491229822633,0.8185343100255283,-0.5371618657790904,0.22023082102773864,-0.12599081353903024,0.02350626616918293,-0.10041689789523936,0.2372469146595142,-0.26652980278868693,0.019477209079376837,-0.1411965466290914,-0.0831612408243788,0.17304258986273868,-0.20201813104534014
0.022168064449880676,-0.12162652425766324,-0.21675216049263873,-0.5414161479478977,0.030660545984318954,0.25146450726234953,0.35034916461974924,0.4304528579261375,0.5225596722060726,0.2527772244783945,-0.04924847141109536,0.5482712441806057,-0.28649870318032117,-0.11360705933062502,0.9107668549425021,0.8753572843317545
-0.4872702656976807,-0.4789791805622382,-0.23615981809424805,0.6032700600781005,0.2903553519790624,0.320645724872723,0.44238032580945824,-0.3950411761222203,-0.41716541764061604,0.46953082553496156,0.049872994306413884,0.07729168723125016,0.4311368764607891,-0.34865504145312326,0.03986530694563983,-0.5993262561473739
-0.31340839178601254,-0.5087959551590575,0.1328672631836114,0.6403380003737951,-0.1261109190088579,0.023185203977817183,0.24149291575056228,0.24570051694597836,-0.04183772863326506,-0.13642825558163238,-0.1880054051911574,0.4656634958610142,-0.14842877883203548,0.20886086333386453,-0.15348311466904685,0.281510016473192
0.07284017077949945,-0.3560440097033228,0.44724161051328803,-0.5523099676373666,-0.08755710977406644,-0.19616506162149794,0.01572716842466437,0.03790124248886712,-0.1618429716870241,0.048281566400958556,-0.18435448007067298,0.18703714426096057,0.1619525253961449,0.3381334539850508,-0.17278279699775534,0.1508891090856643
-0.06735925993296296,-0.29387204593914334,0.23195240734476505,-0.12505635307679802,0.47119147812683826,0.15619627809696754,-0.9294869546237425,-0.18352691541942848,-0.05759998406553969,-0.07889821412121878,-0.31301299692194956,-0.058737631214197304,-0.1698670047981996,-0.11985085178166356,0.9293394533569511,0.8558918733742933
0.2182508604733747,0.012123538333115335,0.3067355310280035,-0.4820865195212242,-0.44805587571236927,-0.307199402413981,-0.20500442759032358,-0.014528775134237493,-0.7195739093914957,0.22392773031727736,0.046594972497820554,-0.24477637721786472,-0.429596531818694,-0.43637890484778724,0.45550815350349166,-0.08438427047047714
0.44073462971719163,0.48885237408305426,-0.19117512353210833,-0.5800006882149266,0.6616681356379384,0.4084278427175405,0.07367605388130913,0.34235076455057134,-0.1263066580936882,0.4222172977848263,0.41879004887998456,0.8687518922912142,-0.4806823780892667,-0.019385934344579896,-0.3627591897985995,-0.032891591269375714
-0.36164106939314244,0.005842664469510681,0.45345222917197653,-0.37587897728941727,0.04166605804023238,0.3973459607245034,-0.5515834500901288,0.23678095568577626,0.02728855874236339,-0.7411533943844472,0.3673399259883207,-1.095815395747509,-0.5701381445592166,-0.34294258168980496,0.11259698917505752,0.27444555339181675
-0.38978101255446873,-0.5799888554131962,0.6385047630843591,0.5433264828039783,0.007107620996133705,0.07795872872085674,-0.8244954394598978,-0.18220830944117045,0.07264307634662347,0.11277292794962933,-0.16097494225058986,-0.32292428384476507,-0.46439317875866054,0.15627177868221911,0.5043361770733297,-0.5651978232224875
-0.05266523941796859,-0.36028661374890986,0.18473394343395194,0.2812692658782071,0.40609460663156816,0.009588476723928662,-0.14403019450491789,0.19487801775926897,0.5629695528673053,0.4966806546287671,-0.574512589592402,-0.13373258373387475,-0.5076945920150434,-0.4113241641031872,0.0477524082947363,0.04328412589715116
0.11463692024656508,-0.10024805388881813,-0.30684900433381684,0.0662477956460317,-0.09483129714651493,0.17102506062033598,-0.5205584090713089,-0.17669846297320407,-0.03196744699533369,0.04665310740824191,-0.5607552147989558,0.4928272164475244,-0.1352690798861232,0.02753277510874217,0.267640677314643,0.1415787495193209
-0.6583444001949295,-0.09903905388177245,0.30173655468386046,-0.29695062019015644,-0.25801603350735497,0.8307880719227088,-0.21911445344672384,-0.09601696440758473,0.62685984258857,-0.06016323771044835,-0.8562021606057784,0.24939317430921795,-0.42308524596695896,0.08828232237313326,0.24431137608373282,0.43101693970848504
0.07669445585814522,-0.08069382574576221,-0.09186847985169795,-0.2326626040298196,0.29762253385783655,-0.06986718788078722,0.09792955947196098,-0.1279466511831455,0.6025240258397186,-0.24443991483171446,0.23906891826091,0.06113553145868466,-0.5380722755583733,0.6655178988433078,-0.10540840111742392,-0.5459838251336478
0.12516172101495357,0.3308242149855948,0.45140538259350343,0.8696861201667695,-0.09984922947511665,-0.19642686132202405,-0.5619070449665663,0.06243789829754996,-0.10307212081768113,0.06855403261895127,-0.3992311224850819,0.18850949460654767,0.6698865758596362,0.14337107496722498,-0.05174843457169929,0.13320175132725146
0.3854021843691126,0.19118052303541275,-0.03825280144291842,-0.09278364552148839,0.040424731559295636,0.09693963383205535,-0.061866926044650605,0.20925604561119754,0.6177466540175314,0.07920965584852713,-0.21037976344365186,-0.3222236451511406,-0.3708151988553082,-0.39265009833310516,-0.7992904732354166,-0.12372635388287444
0.5475448674289115,-0.3327435662704548,-0.612619178293529,-0.3978049438168373,-0.16981775071736974,-0.1663545028264429,0.5685652959314267,-0.2808346973429493,0.027001602417517763,-0.41807717761116303,-0.2091000948232465,-0.04037818765519135,-0.021931234417377585,-0.22346399082387525,-0.20172572615957104,0.19311308624233373
-0.216432264516625,0.8236812790868137,0.021032440826392877,-0.48801476612141753,-0.12511304160046435,0.5280506264756775,-0.16483582682417297,0.12846808601931062,-0.6749999163117285,0.3108208135928335,-0.23429159098807703,0.5963580261053023,-0.1382982238386622,-0.47835730083232103,-0.36217868064291026,0.3044927112186872
-0.21120717822465845,-0.4589069164118254,0.16041487324522535,-0.05253913628692188,-0.1725195706584381,0.0395444077543151,-0.2245164113558272,0.12452701010567972,0.2081653200676171,-0.4057592934841744,-0.1519392066286742,-0.19966953994100597,-0.5205459648465935,0.11276483137908924,0.1075378372647926,-0.13529312465687984
0.6627428248101425,0.24437329533653854,-0.5194221627656277,-0.28919788946542196,-0.3354344800470312,0.9211815979129698,-0.17365548739095885,0.04753060610842695,-1.32776259243783,-0.05398210630179688,0.33984513051339305,0.26926318051127746,0.11602119580131875,0.7648263935898201,0.13023693693941193,-0.004017488936780191
-0.061459047012558686,0.5069949920623105,-0.37043829526901667,-0.4865260421798873,0.3468623811566751,0.5684808779998637,0.4173082446717972,-0.12344732741045332,0.3794681765025546,0.12521227624568937,0.15101152379583113,0.1693870580746257,-0.2386005949694401,-0.25849780271910416,0.37505372254611247,0.040802948155668206
-0.1586688771191201,0.1631065760610838,-0.22606424207974965,-0.1635626273094496,0.02055662191081265,-0.18540412292778685,0.050148023496393274,0.3606822140744933,-0.08425161975892338,-0.13233665754746848,-0.6274870752404761,0.16689620487794077,0.06536115546020041,-0.11420600609735027,-0.11714129623772633,-0.5458782142101339
-0.2533889326362514,0.004331395225783439,-0.07642864589693978,1.0267630296939014,0.17538847027975998,-1.0458533184168233,0.24565054076665413,0.5708456644490223,-0.5191396957913459,-0.436888869563691,0.016107724939273586,-0.16496546595317593,0.5918546712039675,-0.15791889549156463,-0.2956099416705218,0.6260401513796168
0.1430773962207329,0.1933870679472626,-0.22856390559967732,-0.4281133325076939,-0.3246311619468506,0.05538949706375509,0.5404052433323578,0.1375090081954026,0.04900279925654023,0.2994200053603252,0.18971835251788952,-0.23209701817148523,-0.21988879571494543,-0.7599001616877706,0.3856055153247307,0.38518632784926243
-0.265170697986623,0.27363518573997214,-0.21445818868954966,-0.5687532200714018,0.47333907288800786,-0.33008358250556985,-0.005451224087944436,0.35608208778946804,-0.41594512524534843,-0.17409059281462055,0.03050214366925341,-0.03709117342760349,-0.49445506244314585,-0.30577414940345227,-0.7846592036832044,-0.3789344254332539
-0.15517236983455826,0.4000606224587944,0.04834500771052623,-0.47932924812782735,0.1426233059694309,0.15389223350207404,0.13966521232545281,0.34934057299271415,0.06483040329144919,0.09899747806899786,0.5495134331930712,0.4724730114717549,0.1791749995353899,0.2094268211514691,-0.1725846385163021,0.39458515997585647
-0.15790189034409338,-0.11678724812441046,-0.8614529336740402,0.3678246451578683,0.05811311652295922,0.11391244938169315,-0.14860075463303002,0.2951076206129231,-0.06505677398625033,-0.10259974408260564,-0.15672021156940594,-0.33976653143869445,-0.13114275095927266,0.513860170587616,0.3586831757594281,0.08055431618004963
-0.15850357011088584,0.13097350714783706,0.14290063334316544,0.19429421028503902,0.479306404561623,0.02859348324242364,0.32182427283294834,-0.1398857568802575,0.19935515187348538,-0.17526021400589312,-0.8426730455709269,-0.06328884517003769,0.23146102657613266,0.5378211964388965,0.12560513891856184,-0.2988483771893365
-0.6090114411976663,-0.144517807397627,0.05791434204647264,0.3039661435598884,-0.12096371233401677,0.5382491340123399,-0.15666334738876855,-0.12345687124731801,-0.6589056004101587,0.18989415107495689,0.10568018732052746,-0.0762272707539336,-0.5955589047223051,-0.49658754268234995,-0.26988236870079746,-0.1929569716732927
0.08163270385529474,-0.07997219709666949,-0.2788928856228422,-0.07602785837093286,0.44280676480121395,-0.8265107221307422,0.5225444246158153,-0.5223303064460431,0.005155571919165994,-0.08792480660282806,-0.0012582224003368722,0.38814271579770626,0.3236053491835235,0.19976390024746468,-0.3588456126364428,0.5310357199207123
0.07771190788218701,-0.09269537051994288,0.25638082154376257,-0.15626125409813768,-0.17838667866491176,0.30754521533913437,0.37688206648312156,-0.15085248751706853,0.264435915684586,-0.003791546223101273,-0.3061589429480527,0.4430853799864187,-0.18787699046221404,-0.7614933118008974,0.49862103103210065,-0.24824960281639613
-0.7720977658605404,0.13751925778003893,0.10966362267251004,-0.7620680229218649,0.47686988696125726,0.17825377677294985,-0.19576545383885735,0.0594199832683302,-0.4446648352038023,-0.46324182780391415,-0.2577353819893909,-0.18588122411439617,-0.46342526861882016,-0.07580841423045245,0.04330061800734943,0.11110675351450813
-0.03863305517233854,0.150633850048424,-0.7142702683144583,-0.07882430490199911,-0.16435785217372814,0.7733949741183774,0.07845764808969928,-0.4468346709804932,-0.21859312199060757,0.058545890184738374,-0.5225495171068619,-0.08140232222623182,0.42868636174748015,0.22560506080378834,-0.3892647690177482,0.3745865105793499
-0.05741644578913825,0.24153226092537577,0.4917969407797405,-0.0134975183925904,0.33039461390209696,0.006423269972079347,0.5609096571421961,0.6229690260499949,-0.46021293808450847,-0.6125956239091036,-0.1022804469675836,-0.2406509211775057,0.18784452252096903,0.271332107948906,0.547449386489918,0.05057964785440549
-0.20263234824137857,0.3919417435917168,-0.11079265832492943,-0.19760359281142517,0.35092995430034124,-0.5151883593130858,-0.11643832412832084,-0.3964567875236676,0.2976724039806188,0.00998651796533507,0.058201041599060456,-0.32175985833569626,-0.1493186658671731,0.008836036289584352,0.4489118212121984,0.10967750335968737
-0.2766588632379725,0.26272202671228856,-0.17498929765666804,-0.2920340170344897,-0.21512343029297662,-0.14579815100852572,0.5426272421550323,0.4951448299133021,-0.24246816964515497,0.47441390533685657,0.01269556800321202,-0.5070286109139184,-0.23198094938140534,-0.5441129579232542,-0.6890771852884746,0.13710568277196916
-0.13174199659994115,-0.3730933526559406,0.669138423746052,-0.2593271414969654,-0.20698569516162318,-0.6294386553516556,-0.1890014384639021,0.20018118600562598,-0.8089213232993983,0.2830648437688465,0.28745129598339453,-0.17975749409187272,0.3499669176182962,-0.0036258238706473804,-0.04047718434125939,-0.029834620984869706
-0.32663542992829825,0.6290216539218924,-0.11131450150109845,-0.5432577073564343,-0.24374990979863928,0.7168746753925814,-0.2760637106612587,-0.5198967535694861,0.3102177037857244,0.12373688612399135,-0.19524353414724538,-0.020894350356170748,0.251463439925093,-0.07962604611078807,-0.29863251778675787,-0.3521384034291689
0.5670510619629936,0.07887239109052091,-0.21388101491508454,0.19528359128224304,-0.39771940542026746,0.05852696460185668,-0.45413682452914084,0.009302497558134988,0.22505086620810952,-0.664499131610373,-0.009849654633113103,-0.1544625152496511,0.0009213881360885714,0.4522623579380757,0.4142700253499372,-0.14774623566093634
0.8359872063680935,0.4315897524034201,-0.10946906513777084,-0.10166914086274764,-0.02930672433809588,0.3495198054039518,0.3184629989581874,-0.2772158731130073,-0.45421774555972555,0.7294548002072332,0.3966281955774826,-0.2516902861687387,0.3223636616001291,0.4808028778521299,-0.5470528727557461,-0.615529794951765
0.3127260700478706,-0.49781004611326385,0.011990289365479478,-0.5190681734293617,0.13671533846818593,-0.13173146872411642,0.2521531184055508,-0.07410157967910413,-0.8447001888607133,0.46393715542069575,-0.04618626561105605,0.4322141103576652,0.012835732434782579,-0.046021021828878315,0.0191973253289179,-0.19101529454573918
-0.8625563237563021,0.4866986180187188,-0.030600997754626325,0.6720031292329005,0.09223769326108476,-0.26198832115047627,-0.024270904772666437,-0.023884785336447736,0.2947985741675245,0.6363684832017702,0.4195539443672869,0.09873727622357627,-0.28676045127082783,-0.5885697171707738,-0.6637266867086139,-0.2705351186916906
-0.24972275012993483,0.04632729058871572,-0.5372636664654944,-0.6195865022485998,0.30428552186970675,0.2090338728521134,-0.059471092737907544,0.18349415166651492,-0.48340843565753516,-0.19937687944066107,0.22499525817137533,0.3561896263573841,0.20717803207763938,-0.40726793080786083,0.05699832125059516,-0.2627650019255741
0.4509901375696479,0.6890345222102751,0.8173288481296092,0.10376646949015386,-0.03020174267608469,0.5483256173031494,-0.325689589516822,0.07694015169396848,-0.6307926445595988,-0.31123294694133147,0.6211121609800175,0.020950635510508582,-0.15130475105119176,-0.23768547853598657,0.052607284178172516,0.13170058442957752
0.2731102261303558,0.6296322128816397,-0.24830155505598311,-0.6044935520449711,-0.006312251585232856,-1.091924578129353,0.07984930291444373,-0.31262233176145576,-0.06727693335200233,-0.6063325596979122,-0.4731568019762554,0.21193978602438518,0.6903627199530994,0.038841254985184204,0.6728250367257902,0.4583089849674207
0.05251673851490997,0.4305463356185243,-0.26072098261774096,-0.31623021841211396,0.7231426007163684,-0.052806601766853305,0.10320053317442834,-0.49074457016240297,0.4540088992368291,1.0298698374679554,0.4242777184424412,0.6391383593727207,-0.6764638464865583,-0.01203155646900644,0.24246631568547905,-0.3717221475003014
-0.08653068172613726,0.08259022346378414,0.05601616552031757,-0.36398762850002975,-0.005715102923466184,0.05677098453689051,-0.2663487569140016,-0.14608512475508645,0.14951233613310058,-0.05535882139783223,-0.3489484851178443,0.4536157413606442,0.11978297700647747,-0.2416532939376066,-0.05233611464183475,0.4165286620241548
-0.4781041401124132,0.7753057500833603,-0.06731513148752828,0.17279846975362484,0.27988044662676054,0.32807614557014037,0.011886792590761027,0.17140872854735412,-0.6376224004822251,-0.4522891322789489,0.049486114195220886,-0.28598843598824675,-0.20490385715445897,0.22401791387605974,-0.5392027853592778,-0.017102409096344175
0.03889201531618364,0.49764280597346866,0.7081232486340333,0.014902298565351413,0.06817041940352825,0.35568642615338275,0.5922794487259828,-0.3062835458128309,1.004639503279506,-0.02175901606247521,-0.324671838327631,0.02811005687697979,-0.3554175700131902,0.15958665415315398,0.013556093967506015,-0.0506199955757417
0.3275355158315919,-0.18764605967487658,0.08881294157699986,0.13827978644356761,-0.12992937832938378,-0.14666860211710714,-0.05182507060483991,-0.17420686937486174,-0.8858275670742033,0.017191432585753192,-1.0063953181752125,0.2279310281751379,-0.08073896544487642,0.03148310634382507,-0.8111361302992004,-0.47935925309050503
0.0367258318076159,0.3888739465934267,-0.39298104289741526,0.02108138297360366,-0.13883002848483872,0.16911028237498177,0.6711543177984804,0.8749886719172393,-0.4649383435962522,0.18920087199230792,0.06794842087325854,-0.001993451506789869,0.03361031292124207,0.1388327706394768,0.1753687785102419,-0.21225969859897964
0.17621464184454744,-0.27962567380394143,0.12090527829879066,-0.42353572571935844,-0.19774977900817933,-0.10683767582390148,-0.08539861682742728,0.5135146111821797,0.010443314687820521,0.5675380532641895,0.28697676178610326,-0.20148543395037202,0.30495335005407814,0.03764205816686481,0.2866841430171086,0.3682714882952079
-0.050476426510703,0.42170319100076453,-0.7700291835725368,-0.14498395061128008,0.04008938697203306,0.17431848147519233,0.27342299046545276,0.41934850292443193,0.1733988469892421,0.43991399882231147,0.15225468515496834,0.18764997827739238,0.024015335753689915,0.03853723072849232,0.3102252611976675,0.14723960404109473
-0.15686402887590828,-0.17328651183951954,-0.15306006662521354,0.39439771547412017,0.21392556008728963,-0.7158346381709931,0.3077926049826907,-0.5858164362119336,-0.3528268952854084,-0.048308024865208285,0.47117077423017517,0.10120813930610506,-0.5897281558721438,0.3636311795311759,0.055519269218504044,-0.2971394963166823
-0.19268273103929875,-0.256456751601771,-0.012075560713586576,-0.088880323330669,0.06336402962888653,0.3965702042335488,0.12931940709667306,-0.2736637894728076,0.3791480972274334,-0.28600358084719635,0.6851354092189199,0.13528418609519513,0.5237398491869216,-0.8568817000988619,0.08990165563438843,-0.162643081603141
-0.015598911899720529,-0.20527734716372073,0.3627577747822856,-0.2156436854513411,0.5153358347062652,0.3486230761227503,-0.1533422520751415,0.0674588585776459,-0.12120557814690236,0.09215953615924781,0.02149641532692173,-0.573880655946749,0.524813898955296,0.13838307301454106,-0.08429935644009659,0.7769883118223192
0.3065823801204074,0.11259919194140014,0.12842571523310164,-0.017599900935895665,-0.026406863433834207,-0.5366450684652153,-0.399653620625708,0.4328621880842402,-0.17478220303375624,-0.6377686864826276,-0.017102047809538688,0.020175709900018383,-0.2458872025970461,0.04342369541820773,0.5392281425520777,0.2297352556761612
-0.4042353747686242,-0.12636166430147355,0.3854377343753081,0.06827836413375316,0.044972998612316135,0.6016952145471509,0.19851535354862251,-0.00719353510421039,0.04239707481817321,0.2188732680127133,0.553736045113458,0.4649554963412925,0.0662740200472059,0.14285030935745996,-0.6496890254431191,-0.2978982556786932
-0.2309509108282788,0.46992951224127844,0.02838105681402344,0.3152811845890724,-0.24851867374232225,-0.7305476637942406,0.6905265517185499,0.5008800298982263,-0.31591445347814073,-0.262006315137942,0.08018248163848628,-0.7937375372134441,0.20544475597194634,0.3781431635182387,0.50452888065662,-0.20690884822231062
0.35997145712518586,0.8051925032286081,0.18077548452469078,-0.1630012379718786,0.2503769323658059,-0.26938203158891905,0.11559288963361404,0.6371396771876909,0.41180883418664704,0.002489102084185695,-0.49206846684084,-0.5106942458282632,0.08291338840747732,0.057520346588186354,-0.6941927615552835,0.8054355278414109
0.5302875981329832,0.31978569310615285,0.46843059212693605,0.38459700794017104,-0.36947681517904646,0.879070112230367,0.0010155036390380114,-0.47371649594528076,0.36431508108244237,0.13790387632233675,0.38766981661410205,0.16343031331675942,-0.11888785319518655,-0.18678346649331853,-0.8352643675272893,-0.37459049956894447
0.27665497794995125,-0.39314052230574487,0.3325058228689807,-0.2192271345977781,-0.2844847010455364,0.2578222730875746,0.5412436799619075,0.28585576982396227,0.5168182090100897,0.24735887392632916,-0.08528630847003815,0.0977997101725684,-0.07423869050530602,-0.4674290785030836,-0.3193285106306998,0.1654202251185485
0.3945008747868362,0.768097304482423,-0.04011761327252429,0.6057880027769615,0.38822844128356265,0.7636348176520531,0.3458508110528234,-0.21863055774134407,-0.269920667664388,-0.20188172167226334,-0.14088101272338716,-0.8183627261057137,-0.3288862384727004,-0.26813218814534584,-0.5008658105413335,-0.06839932072733906
-0.15679081051502533,0.3567191948402671,-0.2775220523921879,-0.18193195448490537,0.15132758146462275,0.3642835745397409,0.5393460491953186,-0.043889332028639455,-0.34686199631688225,-0.6021199086350195,-0.12616447688962348,0.19824980849338394,-0.15036162981122858,-0.4579616592817361,0.11892488948703772,-0.08056267408183636
0.19699616480281182,0.022054834555388755,-0.2537535349299011,0.2669595925777179,0.25884024511230025,-0.06519049502089777,-0.09174065957107388,-0.49175759987645234,0.5501037421568415,-0.46020168680753193,-0.28970488511399,0.08676643951018145,0.5497679001023398,-0.12202564516206676,0.26423731070135964,0.22004723933936904
0.21829570376669086,-0.025548797384876684,0.11634645035347724,0.25496758999961505,0.31950374683043153,-0.3599750950879687,0.02036216857181328,-0.285991268673359,0.04059943765638331,0.34078666172067457,-0.3741520697674755,-0.15520553027203923,-0.0017327871238142132,-0.04144837993277127,-0.24952323506519367,0.2008568107035934
0.21646774559582016,0.5795091312010837,0.2683247931794667,0.2495010645287841,-0.16289750770269362,-0.41521879704644,0.14948848833639503,0.008310662571696286,-0.6723395942924177,0.2748206449449281,-0.13082920989684385,0.1384001378207714,-0.2487430822374183,-0.37189099284368304,-0.008167785688078247,0.13231053860399936
-0.270473306774225,0.39749343084607397,1.3526861925231193,0.33175709741327347,0.2589236378206039,0.1443219336825395,-0.14201236163455844,-0.2531459125240479,0.08452641008548759,-0.0862012147268899,-0.8331324088417557,0.2817636505863094,-0.0430953834516717,0.2641494472041748,0.21611547850933246,0.9048356694082336
0.589164606381776,0.34101124224806084,0.5344147962134589,-0.4953542335726457,-0.1626562278393425,-0.24047093167565872,0.03414372391987752,0.30977760193118586,0.45546270344552786,0.10742832459671059,-0.2477311872034601,-0.23311357495277932,-0.06692886888539104,-0.6874214696907026,-0.02495799465526508,0.02854744779247988
-0.6080292519490399,-0.2754284519360576,-0.14828571046762234,-0.49366669286567505,0.54251652588104,-0.2480951066282214,0.00797945805512031,0.25819696280138466,-0.06674908159228725,-0.21558475245791875,0.45112080378108615,0.14579162783126476,-0.39080579438838925,-0.7107955767136174,0.22919863226026518,-0.15692556263977236
-0.20301732915434953,0.4371512877230609,-0.2055669953355415,-0.2892300165162629,0.4989196337882856,-0.0002584428326577685,-0.25903390774660706,0.33326868609305754,0.5134375166426504,-0.38924973930559437,0.5088131380656349,-0.38688187175625216,0.09124508739623556,0.3829792169423523,0.07134236112632207,-0.08093442349350387
-0.29642808028605244,-0.15886919196773372,0.8645413847005203,-0.3003227739074472,0.04744774904777877,-0.5282475960354687,0.056508196459511585,0.4521663905180155,-0.3574667887603722,-0.29182067735098116,-0.2454339020526719,0.7766101756629663,-0.8419615442607654,-0.20235143390244165,-0.0333420487241448,-0.6628691928462258
-0.11097212346509809,-0.33928473244625684,-0.14531252485480664,0.4838710803641391,0.29734682142164043,-0.2335270122541684,0.421474009677029,-0.17376050960304854,-0.35590362390115654,0.23289763631298382,-0.2126832097887081,0.24260609351871135,0.09819520968367644,-0.3103111684981941,0.7596100279218347,-0.18101326766807405
0.5840354710990282,0.25791603850339734,-0.4037707266447016,-0.19409383281376155,0.236466179079913,0.19240657151841725,-0.43050336550565466,0.7619934680569362,-0.230369330860758,-0.17430120337630792,0.24853856934182436,-0.7496953871687908,-0.0031027566705589507,0.35250533689666647,-0.18731082598030702,0.42767320583981144
-0.278634365759377,0.22711601861644115,-0.9285298489184334,0.6893951889905484,-0.06546260399350604,-0.11775482995979847,0.31019782656942196,-0.029811337602028073,0.3889587590382003,-0.12664579589602565,-0.03523910377058812,-0.36668040278009917,-0.039619037906534156,-0.10096543095189078,-0.38279158718559,-0.09521760594687578
-0.13438511428681146,-0.3023727838314445,0.35283681927883676,-0.19592953251329243,-0.13166694691130323,-0.19273175161028397,0.09125391033803633,-0.8163688695899038,0.2626027543534303,-0.20728148850195027,0.398200840942326,0.46215850599462976,-0.26104398647874055,0.367312132377952,-0.07097646123120704,-0.6775879517678136
-0.7836588754351832,-0.06758406870101229,-0.4278330087685982,0.5674641871570048,0.5757686427666604,0.18916903896656279,0.44691117893074195,0.05848461606356542,0.14179613618207332,-0.10250321388217612,-0.21425351248088156,-0.21199338711950647,0.3668165116513737,0.3984081767944371,-0.21917312258071972,0.08406530633536181
-0.2753743890285249,-0.41484678490479454,0.40020001880966516,0.11436355082356597,-0.038190743884570666,-0.683436689406575,0.03285222564901348,0.07644215157959491,0.13736685502622833,0.23859828235976185,-0.12804245790323363,0.21796386963077574,0.05718510245303842,-0.06148705203281162,-0.2318119037790787,0.5602573571121019
-0.1255648048806311,0.4044992986104137,-0.32802378585531355,-0.5136558340300728,0.4991279152683026,-0.26657814273999736,-0.03927795776265181,0.023237886550617617,-0.04296100552583449,0.29068349854873304,-0.3027992884615432,-0.14565587370939323,0.44337915116262777,0.32639010385829237,-0.2537368941187159,0.279038737239515
