0.03780358999006095
0.084425710333674
0.05472320620973939
0.1465328314675946
0.004556969569112161
0.07105794216981479
0.032543988497093654
0.03617218655492359
-0.04322923946060312
0.06572443839610609
-0.01701455207670637
0.13545432284458328
-0.027832302659206914
-0.008488263984867126
-0.01985458648176381
-0.025357902697841665
0.011167557964520706
0.023451102959474935
0.04500054952172425
0.06444602037807365
-0.025572251437155816
0.005105118488220144
0.08194337502582807
-0.06588701215858148
0.06356229085643333
-0.015720275467643686
-0.01038433175866816
-0.0052099758500355935
0.014001917894465088
0.024101891541837544
-0.08916297735245647
-0.05677016742484204
0.04991150025534215
0.04776907699550533
-0.05140951880342329
-0.0026615670118441386
-0.051921279016899136
0.02781491145954795
-0.009703285482895764
0.05223022106063266
-0.025151371683585676
-0.10158697758334051
-0.06698974916160914
0.0015710714410005749
0.041193928648104755
0.014182674715404093
-0.04468005131839117
0.13198402407685353
0.10447244615879578
0.06656922463779166
-0.0045771666872437815
0.05696237849420612
0.04021522712238324
0.018041985372912978
0.028940636629410415
-0.03800649419937018
0.01651823763577253
-0.020888216140977987
-0.2500045717214567
-0.03327037028348033
-0.03885994068326315
0.05600901288695453
-0.07375451658368645
0.02719464695385118
0.09170550338688196
0.07884274904778053
-0.0580770996048387
0.01970007240505688
0.08784757942006619
-0.06398995941704781
-0.014082725592742752
0.051289058570552944
-0.05947478954059624
-0.04758040107104183
-0.027746123378839038
-0.02232589959620014
0.0320551553007455
-0.08279218535460166
0.03090465857343094
-0.050993541921770205
0.020154228695649194
0.04927945260938448
-0.013215153308677572
0.031775717461423665
-0.000362499563316528
0.04679635643440127
0.03564164853570426
0.004979604662484945
0.037853233822493004
-0.01636060161772247
-0.02734105543054736
-0.12266608876265718
0.05774773737882715
0.061123709368725875
-0.0034538329307656048
-0.02119407903252021
0.00013974723126782175
-0.01676287530825734
-0.06973807255413915
0.039670563017205486
-0.011581858700770817
-0.0019067727022188336
-0.08227144245878325
0.058441361042620626
0.015492186653047092
0.011304405041287402
0.04899117173992146
0.15766273023500416
0.08461574658506979
-0.014015312512816472
-0.05994316741651744
0.027423584346915157
-0.028705264834369526
-0.0154628078139851
0.03500014073381468
-0.024175624107300956
0.13960970975845077
0.10346463427771774
-0.06270864210547938
0.05143719547416572
0.08865569656503695
-0.06482981493961916
0.09712919403444466
0.018782858578341704
-0.03275182777633163
0.008065803403680336
-0.015962915987892554
0.002289275268885095
